-0.000514
-0.000847
-0.000571
-0.000294
0.000040
0.000219
0.000592
0.000903
0.001174
0.001561
0.001985
0.002234
0.002343
0.002388
0.001934
0.001194
-0.000276
-0.000938
-0.000757
-0.000578
-0.000495
-0.000337
-0.000226
0.000157
0.000159
0.000364
0.000351
0.000449
0.000472
0.000365
-0.000163
-0.000234
-0.000353
-0.000280
-0.000570
-0.000579
-0.000785
-0.000884
-0.000476
-0.000351
-0.000215
-0.000199
-0.000215
-0.000060
0.000236
0.000482
0.000955
0.000997
0.001500
0.001464
0.001499
0.001423
0.000368
-0.001555
-0.001545
-0.001729
-0.001806
-0.001241
-0.001483
-0.001512
-0.001589
-0.001447
-0.001317
-0.001617
-0.001434
-0.001164
-0.001492
-0.001640
-0.001805
-0.001818
-0.000720
0.000284
-0.000342
-0.000641
-0.001295
-0.001306
-0.000419
-0.001214
0.000738
-0.000527
0.000126
0.000726
0.001629
0.002320
0.001888
-0.000105
0.001301
0.001743
0.002857
0.000332
-0.000043
-0.001785
-0.002865
0.004188
0.012896
0.000381
-0.000034
-0.000479
-0.000034
0.001292
0.001319
-0.000162
-0.001085
-0.000874
0.000260
0.000928
0.002363
-0.011042
-0.010772
-0.003375
0.014711
0.002364
-0.000074
-0.000884
-0.000768
0.000382
0.000770
0.000751
-0.001351
-0.000066
0.000950
0.002834
0.003514
-0.001778
-0.012419
-0.005683
0.011712
0.004889
-0.000739
-0.001694
-0.001927
-0.001125
-0.000280
-0.000067
-0.003209
-0.002181
-0.002264
-0.000196
-0.000843
0.001229
-0.016745
-0.009648
0.005049
0.009634
0.001281
-0.000174
-0.000731
-0.000528
0.000932
0.001494
-0.000812
-0.000819
-0.000737
0.001062
0.000752
0.006014
-0.011598
-0.008036
0.000189
0.015337
0.005910
0.002858
0.001288
-0.000585
0.000718
0.001021
0.000088
-0.001156
-0.001117
-0.000449
0.000785
0.004337
-0.006699
-0.010831
-0.008069
0.012298
0.006798
0.001275
0.000012
-0.000838
0.000334
0.000455
0.001085
-0.001586
-0.001368
-0.001717
0.000949
0.000889
-0.000245
-0.012315
-0.011800
0.007395
0.009940
0.003301
0.001682
0.001316
0.001777
0.002511
0.003495
-0.000508
-0.002280
-0.002958
-0.000101
-0.002627
0.004226
-0.012733
-0.013460
-0.001989
0.009752
0.002449
-0.000576
-0.001130
-0.001754
-0.000518
0.000735
-0.001204
-0.001919
-0.001955
-0.000081
-0.002070
0.006779
-0.008502
-0.011186
-0.007940
0.010673
0.006301
0.001937
0.000955
-0.000051
0.001620
0.002848
0.002807
0.001262
0.001679
0.001294
0.001583
0.005589
-0.002744
-0.009927
-0.013109
0.006505
0.008435
0.002579
0.000929
-0.000441
0.000548
0.000598
0.001942
-0.000343
-0.000279
-0.001989
0.001513
0.000419
0.003118
-0.008676
-0.014334
-0.000275
0.009764
0.003994
0.000707
-0.000361
-0.000450
-0.000494
0.001564
-0.000000
-0.000357
-0.001378
0.003361
-0.001185
0.008981
-0.004449
-0.010504
-0.006092
0.008995
0.005061
0.000269
-0.000720
-0.002081
-0.001537
0.000239
-0.000653
-0.002509
-0.002678
-0.000565
-0.004579
0.005965
-0.004199
-0.010547
-0.013821
0.005286
0.007415
0.002420
0.000909
-0.001171
-0.000276
0.000631
0.001340
-0.000913
0.000086
-0.001045
-0.000521
0.004499
0.002304
-0.005212
-0.012748
0.002253
0.011479
0.006855
0.003859
0.001054
0.000246
0.000023
0.001489
-0.000479
0.000353
-0.003209
0.001646
-0.000645
0.005458
-0.004023
-0.012935
-0.006747
0.008610
0.006782
0.002125
0.000410
0.000116
-0.000282
0.001292
0.000687
-0.000252
-0.003430
0.002213
-0.004261
0.006759
-0.002113
-0.010113
-0.012635
0.005411
0.008486
0.003818
0.002718
0.001591
0.001584
0.003025
0.003563
-0.000306
-0.002672
0.000037
-0.005298
0.004460
-0.000433
-0.007345
-0.016379
-0.001807
0.006975
0.002711
0.000827
-0.001516
-0.001381
-0.000517
0.001188
-0.001928
-0.000309
-0.002061
-0.001592
0.001516
0.003435
-0.003156
-0.014071
-0.006941
0.007226
0.006037
0.003399
0.000812
0.000939
0.001255
0.003626
0.001806
0.003956
-0.001154
0.004234
-0.000146
0.006690
-0.000564
-0.010573
-0.012392
0.003946
0.007414
0.003495
0.001355
0.000630
0.000024
0.001203
0.001585
0.001650
-0.003385
0.003246
-0.004292
0.005646
0.001504
-0.006081
-0.015099
-0.001287
0.007916
0.004076
0.001907
0.000161
-0.000429
-0.000373
0.002441
0.000120
-0.001188
0.002364
-0.002475
0.004898
0.005177
0.000175
-0.012155
-0.005534
0.006421
0.004195
0.002081
-0.000616
-0.001477
-0.001774
0.001769
-0.002351
-0.000412
-0.003072
-0.002457
-0.001825
0.003364
-0.000056
-0.011771
-0.012476
0.002691
0.005819
0.003902
0.000774
-0.000216
-0.000497
0.001903
-0.000616
0.002720
-0.003777
0.002213
-0.002774
0.005662
0.003814
-0.004258
-0.011945
0.000680
0.009648
0.007418
0.004181
0.002139
0.000366
0.000169
0.000897
0.002342
-0.003908
0.002428
-0.004284
0.003896
0.003906
-0.000999
-0.013180
-0.006836
0.006639
0.005981
0.003051
0.000958
0.000318
-0.001281
0.002286
0.000441
-0.001859
0.000839
-0.003152
0.000476
0.003913
0.001764
-0.011009
-0.011831
0.003447
0.006370
0.005142
0.003040
0.002261
0.000409
0.005184
0.000907
0.002054
-0.002698
-0.001323
-0.003415
0.002942
0.002530
-0.007570
-0.015072
-0.003043
0.004398
0.003588
0.001013
-0.000973
-0.001886
0.001166
-0.002138
0.002510
-0.004244
0.001357
-0.004254
0.002972
0.003966
-0.001761
-0.013285
-0.007290
0.004846
0.005717
0.003497
0.001120
0.001417
0.001177
0.002070
0.005466
-0.000753
0.004844
-0.001214
0.003397
0.004933
0.002198
-0.010550
-0.012023
0.002260
0.005574
0.003828
0.001299
0.001870
-0.001536
0.002480
0.002045
-0.000547
0.000905
-0.001245
-0.001136
0.003257
0.004448
-0.006222
-0.014387
-0.001762
0.004940
0.004239
0.001899
0.001289
-0.002522
0.002852
-0.000645
0.002109
-0.001470
0.001315
-0.002118
0.003893
0.007018
0.000215
-0.011297
-0.005065
0.003433
0.003827
0.002280
0.000039
-0.002319
0.001069
-0.002430
0.002467
-0.004584
0.000647
-0.005497
-0.000487
0.003207
0.000967
-0.011220
-0.011874
0.000512
0.004642
0.004290
0.000727
0.000737
0.000111
-0.000448
0.003457
-0.002509
0.001749
-0.002700
-0.000129
0.004003
0.005624
-0.004292
-0.011649
0.000038
0.007421
0.007668
0.003586
0.004265
-0.001669
0.001217
0.001283
-0.000351
-0.000326
-0.001014
-0.002468
0.001958
0.005887
-0.000926
-0.013042
-0.005985
0.003885
0.005329
0.002848
0.003127
-0.002651
0.002382
-0.000980
0.002140
-0.002445
0.000912
-0.003857
-0.000199
0.004776
0.002244
-0.010961
-0.010182
0.001358
0.005051
0.005415
0.003634
0.000394
0.003995
0.000331
0.005593
-0.002098
0.000889
-0.004582
-0.002405
0.002444
0.003576
-0.007342
-0.013776
-0.003988
0.002435
0.004348
0.000108
-0.000381
-0.000958
-0.001954
0.002096
-0.002551
0.000592
-0.002640
-0.002444
0.001513
0.005367
-0.001297
-0.012739
-0.006625
0.002645
0.006031
0.001750
0.003892
-0.000747
0.002040
0.002914
0.003036
0.001913
0.002627
-0.000171
0.001950
0.006139
0.003232
-0.010609
-0.010270
0.000606
0.004825
0.002515
0.004334
-0.002062
0.002370
-0.000512
0.003648
-0.001664
0.002032
-0.002168
-0.001523
0.003725
0.005629
-0.006552
-0.012492
-0.002629
0.002741
0.004246
0.003251
-0.001486
0.001642
-0.001948
0.003811
-0.002095
0.002377
-0.001045
-0.001260
0.003561
0.008222
0.000526
-0.009896
-0.004647
0.000701
0.004783
0.001022
0.000376
-0.000671
-0.002171
0.001646
-0.001949
-0.000497
-0.001968
-0.004148
-0.001390
0.003806
0.001820
-0.010940
-0.010780
-0.001922
0.005315
0.001462
0.003703
-0.001177
0.000578
0.000399
0.001857
-0.000677
0.000776
-0.001940
-0.000972
0.003925
0.007084
-0.004544
-0.010155
-0.000803
0.006652
0.005076
0.007666
0.000288
0.002201
-0.001559
0.003596
-0.001903
0.001350
-0.001485
-0.002640
0.001456
0.007275
-0.001215
-0.011742
-0.005126
0.001364
0.004638
0.004944
0.000050
0.001811
-0.002052
0.003568
-0.001718
0.000961
-0.000609
-0.003407
-0.000766
0.005315
0.002238
-0.010192
-0.008394
-0.002158
0.006041
0.004175
0.003738
0.002382
0.001103
0.004019
0.002087
0.001076
-0.000599
-0.004003
-0.002761
0.002024
0.004309
-0.006660
-0.011796
-0.006380
0.003696
0.000804
0.003452
-0.001822
-0.000345
-0.001411
0.001424
-0.001678
0.000244
-0.002312
-0.002578
0.000461
0.006660
-0.001004
-0.011544
-0.006648
0.002551
0.002521
0.006163
0.000147
0.003074
-0.000853
0.005427
0.000996
0.003174
0.002213
0.000024
0.000956
0.007452
0.003402
-0.010275
-0.008099
-0.001954
0.003306
0.004958
0.001231
0.002352
-0.001704
0.003665
0.000186
0.000853
0.001200
-0.001959
-0.001873
0.004179
0.006097
-0.006341
-0.009175
-0.006138
0.003699
0.003019
0.003399
0.000588
-0.000655
0.000792
0.001184
-0.000158
0.001802
-0.001032
-0.000993
0.002912
0.008717
0.001082
-0.007220
-0.006997
0.002779
0.000648
0.004260
-0.001205
0.000388
-0.002328
0.001678
-0.001601
-0.000289
-0.002030
-0.003313
-0.002515
0.004484
0.002677
-0.009923
-0.010310
-0.001310
0.000896
0.005644
0.000197
0.002371
-0.002581
0.003067
0.000130
0.000555
0.000673
-0.001445
-0.002063
0.004458
0.008138
-0.005028
-0.006916
-0.002677
0.004460
0.007245
0.004863
0.004260
-0.001390
0.002086
0.001058
-0.000392
0.001517
-0.001463
-0.003180
0.001454
0.008047
-0.001999
-0.007540
-0.008373
0.002207
0.003024
0.004943
0.001576
0.000190
0.000137
0.002062
-0.000502
0.001412
-0.001089
-0.002964
-0.001241
0.005685
0.002297
-0.007034
-0.010741
0.000110
0.001331
0.006993
0.002114
0.003969
0.000456
0.004659
0.002100
0.002146
-0.001030
-0.003098
-0.003613
0.002016
0.005745
-0.006223
-0.011253
-0.005100
-0.001248
0.004335
0.000130
0.002068
-0.003280
0.001188
0.000141
-0.000893
0.000075
-0.001538
-0.003409
-0.000034
0.008583
-0.002486
-0.008082
-0.007661
0.000056
0.003789
0.003798
0.003900
0.000101
0.002033
0.004009
0.001516
0.003833
0.002291
-0.000457
0.000646
0.008988
0.001334
-0.005847
-0.010662
-0.001003
0.000802
0.005361
0.002301
0.001477
-0.000394
0.002887
0.000153
0.001942
0.000592
-0.001858
-0.002388
0.004216
0.005432
-0.003206
-0.011282
-0.003325
-0.001201
0.005791
0.001307
0.002770
-0.001765
0.001524
0.000438
0.000924
0.001020
-0.000559
-0.001395
0.001428
0.009946
0.001131
-0.006979
-0.004673
-0.001771
0.003454
0.000873
0.002749
-0.002349
-0.000658
0.000622
-0.001181
-0.000525
-0.001586
-0.003837
-0.004400
0.006932
0.000318
-0.006854
-0.010512
-0.003026
0.001103
0.003167
0.003243
0.000128
-0.000997
0.002412
-0.000176
0.001130
0.000741
-0.002019
-0.003607
0.006270
0.005141
-0.000722
-0.008910
-0.001026
0.001142
0.007376
0.005113
0.003759
-0.000622
0.001798
-0.000587
0.001002
0.000727
-0.000924
-0.000943
0.000482
0.004141
0.000683
-0.005142
-0.005399
-0.003153
0.006162
-0.001784
0.003278
-0.000941
0.000929
0.000725
-0.000198
0.000644
-0.000702
0.000986
-0.000920
0.000631
0.001417
-0.001089
-0.002154
-0.002474
0.002959
-0.000524
0.001867
0.002302
0.000277
0.004275
-0.000145
0.002839
-0.001733
-0.001365
-0.000156
-0.002877
-0.000556
-0.001651
-0.001057
-0.002749
-0.000300
-0.001599
-0.001758
-0.001058
-0.002039
-0.000380
-0.001967
-0.000168
-0.000904
-0.002681
-0.000946
-0.001335
-0.000017
-0.000225
0.000020
0.000403
-0.000176
0.000453
0.000551
0.000547
0.000500
0.001249
0.001592
0.001631
0.002953
0.001658
0.001858
0.001345
0.001370
-0.000151
-0.000385
0.000169
-0.000092
0.000146
-0.000018
0.000313
0.000256
0.000177
0.000358
0.000141
0.000674
-0.000005
0.000205
-0.000255
-0.000130
-0.000254
-0.000631
-0.000439
-0.000083
0.000056
0.000098
0.000166
-0.000051
-0.000209
-0.000166
-0.000590
-0.000080
-0.000311
0.000089
0.000735
0.001343
0.001921
0.001705
0.001878
0.001263
-0.000158
-0.000981
-0.001035
-0.001423
-0.001072
-0.001200
-0.001184
-0.000883
-0.001328
-0.001690
-0.001898
-0.001787
-0.001218
-0.000920
-0.001492
-0.001530
-0.001069
-0.000498
0.000093
0.000052
-0.000062
-0.000460
-0.000261
-0.000203
-0.000315
-0.000948
-0.000869
-0.000367
0.001128
0.000791
0.000798
0.000475
0.002223
0.001920
0.001992
0.002952
0.002378
0.001291
0.000716
0.000131
-0.000153
-0.001730
-0.001280
0.000273
0.000830
-0.001101
-0.000278
0.000015
-0.000453
-0.000397
-0.000380
-0.000231
-0.001879
-0.002179
0.009715
0.010527
-0.000354
-0.001508
0.000080
0.000411
-0.000881
-0.000671
-0.001066
-0.000967
-0.000439
0.001069
0.002942
-0.010942
-0.008564
0.001944
0.017717
0.003388
0.000863
0.000812
0.000068
-0.001228
-0.001775
-0.002113
-0.001625
-0.001687
-0.000630
0.000359
-0.004264
-0.016912
-0.006451
0.013146
0.004766
-0.001411
-0.002343
-0.000357
0.000074
-0.001301
-0.001179
-0.000742
-0.000882
-0.000443
0.000314
0.003207
-0.015699
-0.008360
0.006648
0.012853
0.002209
-0.000040
0.001477
0.003136
0.002217
0.002200
0.001813
0.001538
0.000816
0.000126
0.003650
-0.010223
-0.011480
-0.003573
0.015472
0.004458
-0.000292
-0.000522
0.000894
0.000770
0.000476
-0.000217
-0.000148
-0.001097
0.000297
0.001282
-0.000996
-0.014135
-0.009869
0.012177
0.008480
0.000554
-0.001177
-0.000217
0.000272
-0.000715
-0.000577
-0.000194
-0.000285
0.001019
0.000636
0.007260
-0.011338
-0.009412
0.004777
0.013357
0.002166
-0.001811
-0.001510
-0.000280
-0.001534
-0.001542
-0.001690
-0.001556
-0.002008
-0.002044
0.004302
-0.009023
-0.012635
-0.008216
0.012492
0.005602
-0.000271
-0.001200
0.000275
-0.000027
-0.000346
-0.000874
-0.000253
-0.000923
0.000835
0.001893
0.000633
-0.010821
-0.012058
0.010267
0.011918
0.004528
0.002119
0.002754
0.003487
0.002278
0.000601
-0.000592
-0.001351
0.000848
-0.001861
0.006225
-0.010498
-0.013351
-0.000211
0.012827
0.005038
0.000520
0.000114
0.001779
0.000658
0.000205
-0.000455
-0.000529
-0.000698
-0.002346
0.006985
-0.006022
-0.011771
-0.010286
0.011183
0.007579
0.000673
-0.000727
0.000942
0.000908
0.000846
0.000897
0.001732
0.000054
0.001804
0.004355
0.002301
-0.009516
-0.016069
0.